spawns: 
  default: 
    world: caveblock_world
    x: 1.6395292119675915
    y: 62.0
    z: 399.3185046282922
    yaw: 177.1487
    pitch: -12.750048
