spawns:
  default:
    world: 2dfa58d9-055d-48c8-907d-1add39898447
    x: 1.4318272006667943
    y: 65.0
    z: -1.4782446013501398
    yaw: 179.37245178222656
    pitch: 2.314178228378296
    world-name: caveblock_world
