world: 2dfa58d9-055d-48c8-907d-1add39898447
world-name: caveblock_world
x: 33.75872164000254
y: 65.0
z: 1.383074576467584
yaw: -91.09634399414062
pitch: 0.16048750281333923
name: shop
lastowner: f0e7f028-4955-4dc8-8e40-d334ef0bd19a
